Secret Size (%) Time (ms)
1 4.838 3.69
2 6.108 4.32
3 7.456 5.35
4 8.653 5.98
5 9.321 6.77
6 10.45 7.9
7 12.542 8.8
8 11.844 9.42
9 13.892 10.25
10 13.655 11.52
11 15.275 11.99
12 17.862 13.51
13 16.297 14.04
14 17.763 15.17
15 17.404 15.62
16 18.143 16.94
17 20.359 19.21
18 20.587 18.67
19 21.52 20.15
20 21.509 20.62
21 25.412 21.34
22 24.181 22.3
23 25.339 24.39
24 24.371 23.85
25 24.609 25.03
26 25.994 26.05
27 24.773 26.05
28 22.937 27.45
29 25.791 28.42
30 28.228 29.35
31 31.213 30.23
32 26.789 31.01
33 30.322 31.7
34 30.357 32.82
35 33.066 33.51
36 35.936 34.07
37 34.354 35.04
38 26.44 36
39 28.865 37.6
40 32.206 38.38
41 27.47 42.42
42 33.18 40.69
43 33.315 41.31
44 39.112 42.48
45 32.878 42.72
46 35.331 43.85
47 33.347 45.49
48 35.893 46.05
49 33.962 47.07
